MEME version 4

ALPHABET= ACGT

strands: + -

Background letter frequencies
A 0.25 C 0.25 G 0.25 T 0.25

MOTIF MA0021.1 Dof3
letter-probability matrix: alength= 4 w= 6 nsites= 21 E= 0
 1.000000  0.000000  0.000000  0.000000
 1.000000  0.000000  0.000000  0.000000
 1.000000  0.000000  0.000000  0.000000
 0.000000  0.000000  1.000000  0.000000
 0.000000  0.476190  0.142857  0.380952
 0.285714  0.285714  0.428571  0.000000
URL http://jaspar.genereg.net/matrix/MA0021.1

MOTIF MA0053.1 MNB1A
letter-probability matrix: alength= 4 w= 5 nsites= 15 E= 0
 1.000000  0.000000  0.000000  0.000000
 1.000000  0.000000  0.000000  0.000000
 1.000000  0.000000  0.000000  0.000000
 0.000000  0.000000  1.000000  0.000000
 0.200000  0.600000  0.000000  0.200000
URL http://jaspar.genereg.net/matrix/MA0053.1

MOTIF MA0054.1 myb.Ph3
letter-probability matrix: alength= 4 w= 9 nsites= 70 E= 0
 0.271429  0.042857  0.028571  0.657143
 0.914286  0.014286  0.028571  0.042857
 0.900000  0.000000  0.028571  0.071429
 0.057143  0.885714  0.042857  0.014286
 0.142857  0.385714  0.228571  0.242857
 0.142857  0.028571  0.757143  0.071429
 0.185714  0.114286  0.000000  0.700000
 0.042857  0.242857  0.014286  0.700000
 0.400000  0.014286  0.000000  0.585714
URL http://jaspar.genereg.net/matrix/MA0054.1

MOTIF MA0064.1 PBF
letter-probability matrix: alength= 4 w= 5 nsites= 16 E= 0
 1.000000  0.000000  0.000000  0.000000
 1.000000  0.000000  0.000000  0.000000
 1.000000  0.000000  0.000000  0.000000
 0.000000  0.000000  1.000000  0.000000
 0.062500  0.562500  0.062500  0.312500
URL http://jaspar.genereg.net/matrix/MA0064.1

MOTIF MA0096.1 bZIP910
letter-probability matrix: alength= 4 w= 7 nsites= 35 E= 0
 0.428571  0.428571  0.142857  0.000000
 0.000000  0.000000  0.000000  1.000000
 0.000000  0.000000  1.000000  0.000000
 1.000000  0.000000  0.000000  0.000000
 0.000000  1.000000  0.000000  0.000000
 0.000000  0.000000  1.000000  0.000000
 0.000000  0.000000  0.000000  1.000000
URL http://jaspar.genereg.net/matrix/MA0096.1

MOTIF MA0097.1 bZIP911
letter-probability matrix: alength= 4 w= 12 nsites= 33 E= 0
 0.030303  0.000000  0.939394  0.030303
 0.515152  0.000000  0.484848  0.000000
 0.000000  0.000000  0.000000  1.000000
 0.000000  0.000000  1.000000  0.000000
 1.000000  0.000000  0.000000  0.000000
 0.000000  1.000000  0.000000  0.000000
 0.000000  0.000000  1.000000  0.000000
 0.000000  0.000000  0.000000  1.000000
 0.000000  0.030303  0.969697  0.000000
 0.030303  0.000000  0.666667  0.303030
 0.333333  0.606061  0.030303  0.030303
 0.030303  0.969697  0.000000  0.000000
URL http://jaspar.genereg.net/matrix/MA0097.1

MOTIF MA0123.1 abi4
letter-probability matrix: alength= 4 w= 10 nsites= 49 E= 0
 0.000000  1.000000  0.000000  0.000000
 0.244898  0.000000  0.755102  0.000000
 0.000000  0.408163  0.591837  0.000000
 0.000000  0.469388  0.020408  0.510204
 0.020408  0.061224  0.918367  0.000000
 0.000000  0.918367  0.081633  0.000000
 0.102041  0.571429  0.122449  0.204082
 0.061224  0.510204  0.224490  0.204082
 0.061224  0.632653  0.102041  0.204082
 0.081633  0.530612  0.142857  0.244898
URL http://jaspar.genereg.net/matrix/MA0123.1

MOTIF MA0128.1 EmBP-1
letter-probability matrix: alength= 4 w= 8 nsites= 13 E= 0
 0.692308  0.000000  0.000000  0.307692
 0.076923  0.538462  0.307692  0.076923
 1.000000  0.000000  0.000000  0.000000
 0.000000  0.923077  0.000000  0.076923
 0.000000  0.000000  1.000000  0.000000
 0.000000  0.000000  0.000000  1.000000
 0.000000  0.076923  0.923077  0.000000
 0.000000  0.076923  0.923077  0.000000
URL http://jaspar.genereg.net/matrix/MA0128.1

MOTIF MA0129.1 TGA1A
letter-probability matrix: alength= 4 w= 7 nsites= 15 E= 0
 0.266667  0.266667  0.000000  0.466667
 0.866667  0.000000  0.066667  0.066667
 0.000000  0.933333  0.000000  0.066667
 0.133333  0.000000  0.866667  0.000000
 0.066667  0.000000  0.000000  0.933333
 0.000000  1.000000  0.000000  0.000000
 0.866667  0.000000  0.066667  0.066667
URL http://jaspar.genereg.net/matrix/MA0129.1

MOTIF MA0559.1 PI
letter-probability matrix: alength= 4 w= 14 nsites= 558 E= 0
 0.279570  0.600358  0.086022  0.034050
 0.102151  0.706093  0.078853  0.112903
 0.639785  0.141577  0.120072  0.098566
 0.802867  0.021505  0.148746  0.026882
 0.987455  0.001792  0.007168  0.003584
 0.892473  0.000000  0.021505  0.086022
 0.539427  0.014337  0.437276  0.008961
 0.559140  0.025090  0.123656  0.292115
 0.413978  0.000000  0.586022  0.000000
 0.012545  0.010753  0.976703  0.000000
 0.799283  0.096774  0.012545  0.091398
 0.887097  0.012545  0.043011  0.057348
 0.817204  0.046595  0.107527  0.028674
 0.458781  0.103943  0.356631  0.080645
URL http://jaspar.genereg.net/matrix/MA0559.1

MOTIF MA0567.1 ERF1B
letter-probability matrix: alength= 4 w= 8 nsites= 100 E= 0
 0.420000  0.540000  0.030000  0.010000
 0.009901  0.009901  0.970297  0.009901
 0.000000  0.980000  0.010000  0.010000
 0.040000  0.960000  0.000000  0.000000
 0.020000  0.000000  0.970000  0.010000
 0.020000  0.920000  0.020000  0.040000
 0.009901  0.970297  0.009901  0.009901
 0.585859  0.050505  0.242424  0.121212
URL http://jaspar.genereg.net/matrix/MA0567.1

MOTIF MA0574.1 MYB15
letter-probability matrix: alength= 4 w= 13 nsites= 100 E= 0
 0.040000  0.730000  0.090000  0.140000
 0.270000  0.180000  0.510000  0.040000
 0.640000  0.180000  0.180000  0.000000
 0.040000  0.640000  0.180000  0.140000
 0.000000  0.000000  1.000000  0.000000
 0.000000  0.000000  1.000000  0.000000
 0.000000  0.000000  0.000000  1.000000
 0.870000  0.040000  0.000000  0.090000
 0.000000  0.000000  1.000000  0.000000
 0.000000  0.000000  1.000000  0.000000
 0.000000  0.000000  0.000000  1.000000
 0.180000  0.000000  0.780000  0.040000
 0.040000  0.000000  0.870000  0.090000
URL http://jaspar.genereg.net/matrix/MA0574.1

MOTIF MA0590.1 LFY
letter-probability matrix: alength= 4 w= 19 nsites= 384 E= 0
 0.083333  0.270833  0.127604  0.518229
 0.707447  0.034574  0.045213  0.212766
 0.119658  0.160256  0.025641  0.694444
 0.035398  0.012389  0.315044  0.637168
 0.335106  0.000000  0.654255  0.010638
 0.705882  0.133127  0.006192  0.154799
 0.026178  0.952880  0.000000  0.020942
 0.000000  0.949602  0.000000  0.050398
 0.248021  0.005277  0.720317  0.026385
 0.083732  0.416268  0.416268  0.083732
 0.026385  0.720317  0.005277  0.248021
 0.050398  0.000000  0.949602  0.000000
 0.020942  0.000000  0.952880  0.026178
 0.154799  0.006192  0.133127  0.705882
 0.010638  0.654255  0.000000  0.335106
 0.637168  0.315044  0.012389  0.035398
 0.694444  0.025641  0.160256  0.119658
 0.212766  0.045213  0.034574  0.707447
 0.518229  0.127604  0.270833  0.083333
URL http://jaspar.genereg.net/matrix/MA0590.1

MOTIF MA0935.1 NAC025
letter-probability matrix: alength= 4 w= 8 nsites= 1001 E= 0
 0.000999  0.420579  0.000999  0.577423
 0.965000  0.000000  0.035000  0.000000
 0.000000  1.000000  0.000000  0.000000
 0.000000  0.000000  1.000000  0.000000
 0.000000  0.276000  0.069000  0.655000
 0.827000  0.173000  0.000000  0.000000
 0.930931  0.000000  0.000000  0.069069
 0.050050  0.599600  0.050050  0.300300
URL http://jaspar.genereg.net/matrix/MA0935.1

MOTIF MA0936.1 NAC046
letter-probability matrix: alength= 4 w= 8 nsites= 1000 E= 0
 0.544000  0.217000  0.080000  0.159000
 0.065934  0.629371  0.037962  0.266733
 0.813000  0.120000  0.043000  0.024000
 0.102000  0.858000  0.024000  0.016000
 0.094000  0.049000  0.812000  0.045000
 0.143000  0.565000  0.112000  0.180000
 0.459000  0.402000  0.048000  0.091000
 0.805000  0.040000  0.096000  0.059000
URL http://jaspar.genereg.net/matrix/MA0936.1

MOTIF MA0937.1 NAC055
letter-probability matrix: alength= 4 w= 8 nsites= 1000 E= 0
 0.796000  0.026000  0.044000  0.134000
 0.019019  0.774775  0.018018  0.188188
 0.969031  0.017982  0.003996  0.008991
 0.022000  0.960000  0.006000  0.012000
 0.016000  0.016000  0.948000  0.020000
 0.014000  0.116000  0.134000  0.736000
 0.878879  0.080080  0.004004  0.037037
 0.866000  0.009000  0.004000  0.121000
URL http://jaspar.genereg.net/matrix/MA0937.1

MOTIF MA0939.1 NAC079
letter-probability matrix: alength= 4 w= 8 nsites= 1000 E= 0
 0.665000  0.001000  0.222000  0.112000
 0.000999  0.690310  0.000999  0.307692
 0.997003  0.000999  0.000999  0.000999
 0.000999  0.997003  0.000999  0.000999
 0.000999  0.000999  0.997003  0.000999
 0.001000  0.855000  0.001000  0.143000
 0.784000  0.072000  0.001000  0.143000
 0.997003  0.000999  0.000999  0.000999
URL http://jaspar.genereg.net/matrix/MA0939.1

MOTIF MA0940.1 AP1
letter-probability matrix: alength= 4 w= 13 nsites= 1622 E= 0
 0.452528  0.492602  0.019729  0.035142
 0.051788  0.580148  0.024044  0.344020
 0.815660  0.028360  0.021578  0.134402
 0.699137  0.011714  0.093711  0.195438
 0.956227  0.006165  0.009248  0.028360
 0.787300  0.009248  0.014797  0.188656
 0.734279  0.014180  0.155364  0.096178
 0.420469  0.012947  0.158446  0.408138
 0.402589  0.007398  0.573366  0.016646
 0.081998  0.036991  0.834772  0.046239
 0.706535  0.094328  0.104809  0.094328
 0.788533  0.075216  0.103576  0.032676
 0.774969  0.013564  0.099877  0.111591
URL http://jaspar.genereg.net/matrix/MA0940.1

MOTIF MA0946.1 ARR11
letter-probability matrix: alength= 4 w= 8 nsites= 1000 E= 0
 0.625000  0.051000  0.055000  0.269000
 0.927928  0.011011  0.029029  0.032032
 0.005000  0.002000  0.982000  0.011000
 0.989990  0.002002  0.004004  0.004004
 0.007007  0.003003  0.002002  0.987988
 0.732000  0.022000  0.004000  0.242000
 0.003000  0.833000  0.002000  0.162000
 0.014000  0.005000  0.968000  0.013000
URL http://jaspar.genereg.net/matrix/MA0946.1

MOTIF MA0947.1 ARR14
letter-probability matrix: alength= 4 w= 8 nsites= 1000 E= 0
 0.945000  0.005000  0.026000  0.024000
 0.002000  0.001000  0.984000  0.013000
 0.991000  0.001000  0.003000  0.005000
 0.002000  0.003000  0.002000  0.993000
 0.506000  0.154000  0.001000  0.339000
 0.001000  0.960000  0.001000  0.038000
 0.009990  0.004995  0.959041  0.025974
 0.083000  0.484000  0.401000  0.032000
URL http://jaspar.genereg.net/matrix/MA0947.1

MOTIF MA0950.1 ATHB-12
letter-probability matrix: alength= 4 w= 8 nsites= 1001 E= 0
 0.578422  0.190809  0.106893  0.123876
 0.668000  0.046000  0.053000  0.233000
 0.018000  0.035000  0.006000  0.941000
 0.048000  0.201000  0.633000  0.118000
 0.965000  0.007000  0.015000  0.013000
 0.009000  0.008000  0.017000  0.966000
 0.030030  0.010010  0.019019  0.940941
 0.128000  0.018000  0.766000  0.088000
URL http://jaspar.genereg.net/matrix/MA0950.1

MOTIF MA0951.1 ATHB-16
letter-probability matrix: alength= 4 w= 8 nsites= 1000 E= 0
 0.072000  0.214000  0.001000  0.713000
 1.000000  0.000000  0.000000  0.000000
 1.000000  0.000000  0.000000  0.000000
 0.000000  0.000000  0.000000  1.000000
 0.545000  0.318000  0.137000  0.000000
 1.000000  0.000000  0.000000  0.000000
 0.000000  0.000000  0.000000  1.000000
 0.067000  0.001000  0.067000  0.865000
URL http://jaspar.genereg.net/matrix/MA0951.1

MOTIF MA0952.1 ATHB-51
letter-probability matrix: alength= 4 w= 8 nsites= 999 E= 0
 0.691692  0.253253  0.004004  0.051051
 0.984016  0.004995  0.003996  0.006993
 0.002002  0.008008  0.001001  0.988989
 0.411000  0.006000  0.003000  0.580000
 0.990000  0.002000  0.005000  0.003000
 0.010000  0.002000  0.004000  0.984000
 0.005000  0.018000  0.012000  0.965000
 0.105000  0.018000  0.777000  0.100000
URL http://jaspar.genereg.net/matrix/MA0952.1

MOTIF MA0967.1 BZIP60
letter-probability matrix: alength= 4 w= 8 nsites= 999 E= 0
 0.018018  0.064064  0.024024  0.893894
 0.026026  0.059059  0.840841  0.074074
 0.891109  0.016983  0.042957  0.048951
 0.013000  0.799000  0.013000  0.175000
 0.175000  0.013000  0.799000  0.013000
 0.048951  0.042957  0.016983  0.891109
 0.074074  0.840841  0.059059  0.026026
 0.893894  0.024024  0.064064  0.018018
URL http://jaspar.genereg.net/matrix/MA0967.1

MOTIF MA0972.1 CCA1
letter-probability matrix: alength= 4 w= 8 nsites= 999 E= 0
 0.934935  0.001001  0.010010  0.054054
 0.960000  0.001000  0.037000  0.002000
 0.985000  0.004000  0.010000  0.001000
 0.035000  0.000000  0.005000  0.960000
 0.992000  0.005000  0.001000  0.002000
 0.001000  0.012000  0.001000  0.986000
 0.005000  0.991000  0.000000  0.004000
 0.021000  0.091000  0.014000  0.874000
URL http://jaspar.genereg.net/matrix/MA0972.1

MOTIF MA0975.1 CRF2
letter-probability matrix: alength= 4 w= 8 nsites= 1001 E= 0
 0.043956  0.477522  0.347652  0.130869
 0.108108  0.783784  0.081081  0.027027
 0.000000  0.000000  1.000000  0.000000
 0.000000  0.977000  0.023000  0.000000
 0.000000  1.000000  0.000000  0.000000
 0.000000  0.000000  1.000000  0.000000
 0.023000  0.931000  0.000000  0.046000
 0.118000  0.735000  0.059000  0.088000
URL http://jaspar.genereg.net/matrix/MA0975.1

MOTIF MA0977.1 DOF2.5
letter-probability matrix: alength= 4 w= 8 nsites= 1000 E= 0
 0.756000  0.026000  0.182000  0.036000
 0.598000  0.001000  0.012000  0.389000
 0.990000  0.001000  0.004000  0.005000
 0.985015  0.000999  0.007992  0.005994
 0.744000  0.001000  0.254000  0.001000
 0.004000  0.001000  0.977000  0.018000
 0.008000  0.198000  0.065000  0.729000
 0.238238  0.044044  0.557558  0.160160
URL http://jaspar.genereg.net/matrix/MA0977.1

MOTIF MA0978.1 DREB1E
letter-probability matrix: alength= 4 w= 8 nsites= 999 E= 0
 0.978979  0.002002  0.015015  0.004004
 0.009000  0.015000  0.003000  0.973000
 0.005994  0.000999  0.990010  0.002997
 0.003000  0.003000  0.002000  0.992000
 0.003000  0.992000  0.001000  0.004000
 0.002000  0.002000  0.992000  0.004000
 0.169169  0.000000  0.828829  0.002002
 0.001000  0.790000  0.001000  0.208000
URL http://jaspar.genereg.net/matrix/MA0978.1

MOTIF MA0986.1 DREB2C
letter-probability matrix: alength= 4 w= 8 nsites= 1001 E= 0
 0.109890  0.756244  0.120879  0.012987
 0.809000  0.003000  0.185000  0.003000
 0.004000  0.985000  0.003000  0.008000
 0.007000  0.986000  0.003000  0.004000
 0.008008  0.003003  0.984985  0.004004
 0.776000  0.158000  0.047000  0.019000
 0.005000  0.977000  0.005000  0.013000
 0.806000  0.050000  0.027000  0.117000
URL http://jaspar.genereg.net/matrix/MA0986.1

MOTIF MA1012.1 AGL27
letter-probability matrix: alength= 4 w= 14 nsites= 142 E= 0
 0.176056  0.549296  0.176056  0.098592
 0.007042  0.028169  0.000000  0.964789
 0.000000  0.000000  0.000000  1.000000
 0.098592  0.000000  0.007042  0.894366
 0.000000  1.000000  0.000000  0.000000
 0.000000  0.387324  0.000000  0.612676
 0.760563  0.000000  0.007042  0.232394
 0.225352  0.014085  0.000000  0.760563
 0.063380  0.000000  0.000000  0.936620
 0.014085  0.000000  0.000000  0.985915
 0.105634  0.147887  0.014085  0.732394
 0.119718  0.105634  0.295775  0.478873
 0.232394  0.000000  0.767606  0.000000
 0.077465  0.014085  0.647887  0.260563
URL http://jaspar.genereg.net/matrix/MA1012.1

MOTIF MA1013.1 GATA10
letter-probability matrix: alength= 4 w= 8 nsites= 999 E= 0
 0.100100  0.067067  0.133133  0.699700
 0.841000  0.027000  0.132000  0.000000
 0.000000  0.000000  1.000000  0.000000
 1.000000  0.000000  0.000000  0.000000
 0.000000  0.000000  0.000000  1.000000
 0.000000  1.000000  0.000000  0.000000
 0.000000  0.111000  0.084000  0.805000
 0.111111  0.111111  0.740741  0.037037
URL http://jaspar.genereg.net/matrix/MA1013.1

MOTIF MA1014.1 GATA11
letter-probability matrix: alength= 4 w= 8 nsites= 1000 E= 0
 0.167000  0.042000  0.167000  0.624000
 0.902903  0.000000  0.097097  0.000000
 0.000000  0.000000  1.000000  0.000000
 1.000000  0.000000  0.000000  0.000000
 0.000000  0.000000  0.000000  1.000000
 0.000000  1.000000  0.000000  0.000000
 0.000000  0.000000  0.000000  1.000000
 0.043956  0.130869  0.694306  0.130869
URL http://jaspar.genereg.net/matrix/MA1014.1

MOTIF MA1020.1 GT-1
letter-probability matrix: alength= 4 w= 8 nsites= 999 E= 0
 0.000000  0.150150  0.649650  0.200200
 0.000000  0.067067  0.000000  0.932933
 0.030000  0.000000  0.000000  0.970000
 1.000000  0.000000  0.000000  0.000000
 0.971000  0.029000  0.000000  0.000000
 0.030000  0.970000  0.000000  0.000000
 0.000000  0.939000  0.000000  0.061000
 0.624000  0.167000  0.125000  0.084000
URL http://jaspar.genereg.net/matrix/MA1020.1

MOTIF MA1028.1 KAN4
letter-probability matrix: alength= 4 w= 8 nsites= 1000 E= 0
 0.011000  0.010000  0.965000  0.014000
 0.941000  0.012000  0.026000  0.021000
 0.904096  0.001998  0.001998  0.091908
 0.002000  0.102000  0.003000  0.893000
 0.893000  0.003000  0.102000  0.002000
 0.091908  0.001998  0.001998  0.904096
 0.021000  0.026000  0.012000  0.941000
 0.014000  0.965000  0.010000  0.011000
URL http://jaspar.genereg.net/matrix/MA1028.1

MOTIF MA1033.1 OJ1058_F05.8
letter-probability matrix: alength= 4 w= 8 nsites= 999 E= 0
 0.661662  0.332332  0.003003  0.003003
 0.003003  0.990991  0.003003  0.003003
 0.990991  0.003003  0.003003  0.003003
 0.003003  0.990991  0.003003  0.003003
 0.003003  0.003003  0.990991  0.003003
 0.003003  0.003003  0.003003  0.990991
 0.003003  0.003003  0.990991  0.003003
 0.005000  0.005000  0.495000  0.495000
URL http://jaspar.genereg.net/matrix/MA1033.1

MOTIF MA1034.1 Os05g0497200
letter-probability matrix: alength= 4 w= 8 nsites= 999 E= 0
 0.003003  0.990991  0.003003  0.003003
 0.003003  0.003003  0.990991  0.003003
 0.003003  0.661662  0.332332  0.003003
 0.003003  0.990991  0.003003  0.003003
 0.003003  0.003003  0.990991  0.003003
 0.003003  0.990991  0.003003  0.003003
 0.003003  0.990991  0.003003  0.003003
 0.495000  0.005000  0.495000  0.005000
URL http://jaspar.genereg.net/matrix/MA1034.1

MOTIF MA1036.1 MYB111
letter-probability matrix: alength= 4 w= 8 nsites= 1000 E= 0
 0.229000  0.004000  0.757000  0.010000
 0.005000  0.002000  0.636000  0.357000
 0.003000  0.012000  0.004000  0.981000
 0.874000  0.007000  0.010000  0.109000
 0.018000  0.004000  0.976000  0.002000
 0.006000  0.008000  0.858000  0.128000
 0.006000  0.004000  0.005000  0.985000
 0.525000  0.030000  0.390000  0.055000
URL http://jaspar.genereg.net/matrix/MA1036.1

MOTIF MA1039.1 MYB4
letter-probability matrix: alength= 4 w= 8 nsites= 999 E= 0
 0.253253  0.036036  0.674675  0.036036
 0.009000  0.000000  0.766000  0.225000
 0.000000  0.009000  0.000000  0.991000
 0.565000  0.009000  0.035000  0.391000
 0.026000  0.000000  0.974000  0.000000
 0.017982  0.017982  0.776224  0.187812
 0.010000  0.000000  0.000000  0.990000
 0.318681  0.072927  0.535465  0.072927
URL http://jaspar.genereg.net/matrix/MA1039.1

MOTIF MA1040.1 MYB46
letter-probability matrix: alength= 4 w= 8 nsites= 1000 E= 0
 0.081000  0.003000  0.911000  0.005000
 0.003000  0.002000  0.387000  0.608000
 0.006006  0.007007  0.001001  0.985986
 0.836000  0.030000  0.006000  0.128000
 0.003996  0.003996  0.990010  0.001998
 0.004995  0.002997  0.897103  0.094905
 0.002000  0.033000  0.001000  0.964000
 0.580000  0.024000  0.358000  0.038000
URL http://jaspar.genereg.net/matrix/MA1040.1

MOTIF MA1041.1 MYB55
letter-probability matrix: alength= 4 w= 8 nsites= 1000 E= 0
 0.980000  0.001000  0.016000  0.003000
 0.048000  0.946000  0.002000  0.004000
 0.002002  0.989990  0.002002  0.006006
 0.227000  0.049000  0.023000  0.701000
 0.979000  0.001000  0.016000  0.004000
 0.267000  0.730000  0.001000  0.002000
 0.002000  0.958000  0.001000  0.039000
 0.118000  0.054000  0.756000  0.072000
URL http://jaspar.genereg.net/matrix/MA1041.1

MOTIF MA1042.1 MYB59
letter-probability matrix: alength= 4 w= 8 nsites= 999 E= 0
 0.357357  0.014014  0.548549  0.080080
 0.017000  0.007000  0.114000  0.862000
 0.031000  0.014000  0.006000  0.949000
 0.873127  0.038961  0.016983  0.070929
 0.017000  0.008000  0.956000  0.019000
 0.023976  0.010989  0.947053  0.017982
 0.039000  0.040000  0.005000  0.916000
 0.552000  0.267000  0.023000  0.158000
URL http://jaspar.genereg.net/matrix/MA1042.1

MOTIF MA1046.1 NTL9
letter-probability matrix: alength= 4 w= 9 nsites= 1001 E= 0
 0.009990  0.009990  0.009990  0.970030
 0.005000  0.005000  0.005000  0.985000
 0.985000  0.005000  0.005000  0.005000
 0.985000  0.005000  0.005000  0.005000
 0.005000  0.005000  0.985000  0.005000
 0.005000  0.005000  0.005000  0.985000
 0.985000  0.005000  0.005000  0.005000
 0.985000  0.005000  0.005000  0.005000
 0.009990  0.009990  0.009990  0.970030
URL http://jaspar.genereg.net/matrix/MA1046.1

MOTIF MA1048.1 ERF018
letter-probability matrix: alength= 4 w= 8 nsites= 1000 E= 0
 0.581000  0.001000  0.412000  0.006000
 0.001000  0.993000  0.002000  0.004000
 0.006006  0.990991  0.002002  0.001001
 0.002002  0.002002  0.993994  0.002002
 0.718719  0.008008  0.065065  0.208208
 0.003000  0.991000  0.001000  0.005000
 0.044000  0.943000  0.001000  0.012000
 0.735736  0.010010  0.070070  0.184184
URL http://jaspar.genereg.net/matrix/MA1048.1

MOTIF MA1051.1 RAP2-3
letter-probability matrix: alength= 4 w= 8 nsites= 1001 E= 0
 0.118881  0.231768  0.542458  0.106893
 0.147147  0.761762  0.033033  0.058058
 0.007000  0.006000  0.982000  0.005000
 0.006000  0.746000  0.244000  0.004000
 0.016000  0.977000  0.004000  0.003000
 0.006000  0.003000  0.976000  0.015000
 0.109000  0.780000  0.026000  0.085000
 0.257000  0.664000  0.006000  0.073000
URL http://jaspar.genereg.net/matrix/MA1051.1

MOTIF MA1053.1 ERF109
letter-probability matrix: alength= 4 w= 8 nsites= 999 E= 0
 0.038038  0.287287  0.661662  0.013013
 0.050000  0.936000  0.008000  0.006000
 0.003000  0.005000  0.989000  0.003000
 0.003000  0.827000  0.168000  0.002000
 0.013000  0.982000  0.002000  0.003000
 0.004000  0.013000  0.978000  0.005000
 0.038038  0.862863  0.013013  0.086086
 0.207000  0.773000  0.002000  0.018000
URL http://jaspar.genereg.net/matrix/MA1053.1

MOTIF MA1075.1 WRKY12
letter-probability matrix: alength= 4 w= 8 nsites= 1001 E= 0
 0.171828  0.706294  0.075924  0.045954
 0.070000  0.033000  0.819000  0.078000
 0.020000  0.062000  0.005000  0.913000
 0.010000  0.015000  0.029000  0.946000
 0.007992  0.005994  0.953047  0.032967
 0.970030  0.005994  0.009990  0.013986
 0.029029  0.949950  0.005005  0.016016
 0.025025  0.722723  0.101101  0.151151
URL http://jaspar.genereg.net/matrix/MA1075.1

MOTIF MA1080.1 WRKY23
letter-probability matrix: alength= 4 w= 8 nsites= 1000 E= 0
 0.698000  0.001000  0.300000  0.001000
 0.000999  0.000999  0.997003  0.000999
 0.000999  0.000999  0.000999  0.997003
 0.000999  0.997003  0.000999  0.000999
 0.997003  0.000999  0.000999  0.000999
 0.997003  0.000999  0.000999  0.000999
 0.167000  0.831000  0.001000  0.001000
 0.143143  0.143143  0.712713  0.001001
URL http://jaspar.genereg.net/matrix/MA1080.1

MOTIF MA1084.1 WRKY38
letter-probability matrix: alength= 4 w= 8 nsites= 1001 E= 0
 0.151848  0.671329  0.072927  0.103896
 0.068931  0.027972  0.848152  0.054945
 0.026000  0.030000  0.021000  0.923000
 0.008000  0.023000  0.039000  0.930000
 0.009000  0.016000  0.961000  0.014000
 0.955000  0.017000  0.010000  0.018000
 0.016000  0.951000  0.013000  0.020000
 0.015000  0.679000  0.017000  0.289000
URL http://jaspar.genereg.net/matrix/MA1084.1

MOTIF MA1091.1 WRKY62
letter-probability matrix: alength= 4 w= 8 nsites= 1001 E= 0
 0.125874  0.125874  0.000999  0.747253
 0.307692  0.000999  0.690310  0.000999
 0.000999  0.000999  0.997003  0.000999
 0.000999  0.000999  0.000999  0.997003
 0.000999  0.997003  0.000999  0.000999
 0.997003  0.000999  0.000999  0.000999
 0.997003  0.000999  0.000999  0.000999
 0.272727  0.725275  0.000999  0.000999
URL http://jaspar.genereg.net/matrix/MA1091.1

MOTIF MA1161.1 TSO1
letter-probability matrix: alength= 4 w= 15 nsites= 264 E= 0
 0.515152  0.056818  0.106061  0.321970
 0.367424  0.034091  0.106061  0.492424
 0.268939  0.041667  0.030303  0.659091
 0.204545  0.022727  0.034091  0.738636
 0.325758  0.143939  0.056818  0.473485
 0.606061  0.098485  0.155303  0.140152
 0.863636  0.000000  0.132576  0.003788
 0.878788  0.003788  0.060606  0.056818
 0.924242  0.000000  0.000000  0.075758
 0.000000  0.030303  0.011364  0.958333
 0.000000  0.000000  0.000000  1.000000
 0.000000  0.261364  0.000000  0.738636
 0.810606  0.000000  0.170455  0.018939
 1.000000  0.000000  0.000000  0.000000
 1.000000  0.000000  0.000000  0.000000
URL http://jaspar.genereg.net/matrix/MA1161.1

MOTIF MA1162.1 TCX2
letter-probability matrix: alength= 4 w= 15 nsites= 599 E= 0
 0.429048  0.081803  0.101836  0.387312
 0.225376  0.038397  0.046745  0.689482
 0.100167  0.068447  0.001669  0.829716
 0.090150  0.288815  0.068447  0.552588
 0.487479  0.220367  0.178631  0.113523
 0.933222  0.010017  0.043406  0.013356
 0.924875  0.023372  0.001669  0.050083
 0.858097  0.000000  0.023372  0.118531
 0.016694  0.001669  0.011686  0.969950
 0.000000  0.000000  0.000000  1.000000
 0.000000  0.530885  0.000000  0.469115
 0.726210  0.001669  0.272120  0.000000
 1.000000  0.000000  0.000000  0.000000
 1.000000  0.000000  0.000000  0.000000
 0.297162  0.155259  0.016694  0.530885
URL http://jaspar.genereg.net/matrix/MA1162.1

MOTIF MA1169.1 MYB105
letter-probability matrix: alength= 4 w= 13 nsites= 95 E= 0
 0.378947  0.000000  0.136842  0.484211
 0.189474  0.221053  0.063158  0.526316
 0.368421  0.305263  0.031579  0.294737
 0.368421  0.073684  0.231579  0.326316
 0.463158  0.052632  0.000000  0.484211
 0.442105  0.031579  0.084211  0.442105
 0.831579  0.000000  0.010526  0.157895
 0.000000  1.000000  0.000000  0.000000
 0.031579  0.894737  0.073684  0.000000
 0.000000  0.000000  1.000000  0.000000
 0.000000  0.000000  0.000000  1.000000
 0.000000  0.000000  0.010526  0.989474
 0.842105  0.021053  0.063158  0.073684
URL http://jaspar.genereg.net/matrix/MA1169.1

MOTIF MA1188.1 At3g11280
letter-probability matrix: alength= 4 w= 14 nsites= 582 E= 0
 0.620275  0.079038  0.103093  0.197595
 0.446735  0.027491  0.048110  0.477663
 0.049828  0.560137  0.058419  0.331615
 0.201031  0.618557  0.109966  0.070447
 0.000000  0.029210  0.000000  0.970790
 0.006873  0.159794  0.000000  0.833333
 1.000000  0.000000  0.000000  0.000000
 0.000000  0.005155  0.010309  0.984536
 0.000000  1.000000  0.000000  0.000000
 0.206186  0.247423  0.037801  0.508591
 0.209622  0.108247  0.089347  0.592784
 0.324742  0.335052  0.087629  0.252577
 0.498282  0.025773  0.048110  0.427835
 0.192440  0.266323  0.051546  0.489691
URL http://jaspar.genereg.net/matrix/MA1188.1

MOTIF MA1199.1 AGL16
letter-probability matrix: alength= 4 w= 15 nsites= 418 E= 0
 0.083732  0.045455  0.009569  0.861244
 0.026316  0.000000  0.007177  0.966507
 0.239234  0.026316  0.066986  0.667464
 0.000000  1.000000  0.000000  0.000000
 0.000000  0.854067  0.000000  0.145933
 0.294258  0.198565  0.055024  0.452153
 0.157895  0.184211  0.095694  0.562201
 0.313397  0.000000  0.000000  0.686603
 0.000000  0.009569  0.009569  0.980861
 0.105263  0.141148  0.055024  0.698565
 0.260766  0.083732  0.322967  0.332536
 0.148325  0.000000  0.851675  0.000000
 0.000000  0.000000  0.940191  0.059809
 0.502392  0.105263  0.028708  0.363636
 0.856459  0.035885  0.019139  0.088517
URL http://jaspar.genereg.net/matrix/MA1199.1

MOTIF MA1203.1 AGL63
letter-probability matrix: alength= 4 w= 15 nsites= 597 E= 0
 0.152429  0.010050  0.065327  0.772194
 0.157454  0.055276  0.324958  0.462312
 0.013400  0.969849  0.000000  0.016750
 0.016750  0.911223  0.000000  0.072027
 0.743719  0.058626  0.135678  0.061977
 0.765494  0.015075  0.055276  0.164154
 0.907873  0.000000  0.000000  0.092127
 0.763819  0.001675  0.001675  0.232831
 0.690117  0.046901  0.045226  0.217755
 0.170854  0.167504  0.040201  0.621441
 0.107203  0.000000  0.874372  0.018425
 0.006700  0.000000  0.989950  0.003350
 0.472362  0.393635  0.033501  0.100503
 0.914573  0.021776  0.003350  0.060302
 0.792295  0.016750  0.046901  0.144054
URL http://jaspar.genereg.net/matrix/MA1203.1

MOTIF MA1204.1 AGL13
letter-probability matrix: alength= 4 w= 18 nsites= 219 E= 0
 0.269406  0.013699  0.000000  0.716895
 0.041096  0.000000  0.009132  0.949772
 0.561644  0.009132  0.114155  0.315068
 0.009132  0.990868  0.000000  0.000000
 0.000000  0.735160  0.000000  0.264840
 0.643836  0.164384  0.031963  0.159817
 0.771689  0.009132  0.031963  0.187215
 1.000000  0.000000  0.000000  0.000000
 0.794521  0.000000  0.000000  0.205479
 0.794521  0.036530  0.027397  0.141553
 0.369863  0.054795  0.068493  0.506849
 0.337900  0.000000  0.662100  0.000000
 0.000000  0.000000  0.990868  0.009132
 0.547945  0.068493  0.022831  0.360731
 0.954338  0.013699  0.000000  0.031963
 0.872146  0.000000  0.018265  0.109589
 0.575342  0.063927  0.187215  0.173516
 0.410959  0.086758  0.091324  0.410959
URL http://jaspar.genereg.net/matrix/MA1204.1

MOTIF MA1205.1 AGL6
letter-probability matrix: alength= 4 w= 19 nsites= 482 E= 0
 0.172199  0.016598  0.010373  0.800830
 0.149378  0.002075  0.016598  0.831950
 0.414938  0.016598  0.139004  0.429461
 0.022822  0.964730  0.010373  0.002075
 0.002075  0.817427  0.000000  0.180498
 0.524896  0.190871  0.080913  0.203320
 0.719917  0.016598  0.087137  0.176349
 0.968880  0.000000  0.004149  0.026971
 0.875519  0.000000  0.000000  0.124481
 0.798755  0.037344  0.047718  0.116183
 0.427386  0.101660  0.070539  0.400415
 0.265560  0.000000  0.732365  0.002075
 0.000000  0.000000  1.000000  0.000000
 0.612033  0.147303  0.026971  0.213693
 0.914938  0.008299  0.006224  0.070539
 0.896266  0.008299  0.018672  0.076763
 0.512448  0.126556  0.234440  0.126556
 0.531120  0.056017  0.095436  0.317427
 0.491701  0.085062  0.053942  0.369295
URL http://jaspar.genereg.net/matrix/MA1205.1

MOTIF MA1221.1 RAP2-6
letter-probability matrix: alength= 4 w= 15 nsites= 597 E= 0
 0.172529  0.232831  0.030151  0.564489
 0.107203  0.036851  0.546064  0.309883
 0.313233  0.018425  0.638191  0.030151
 0.001675  0.961474  0.000000  0.036851
 0.000000  0.000000  1.000000  0.000000
 0.001675  0.025126  0.973199  0.000000
 0.013400  0.949749  0.000000  0.036851
 0.000000  0.005025  0.969849  0.025126
 0.025126  0.100503  0.855946  0.018425
 0.329983  0.519263  0.023451  0.127303
 0.112228  0.015075  0.760469  0.112228
 0.244556  0.078727  0.591290  0.085427
 0.335008  0.289782  0.082077  0.293132
 0.190955  0.053601  0.564489  0.190955
 0.179229  0.103853  0.579564  0.137353
URL http://jaspar.genereg.net/matrix/MA1221.1

MOTIF MA1222.1 ERF014
letter-probability matrix: alength= 4 w= 15 nsites= 595 E= 0
 0.102521  0.574790  0.087395  0.235294
 0.134454  0.663866  0.067227  0.134454
 0.394958  0.095798  0.233613  0.275630
 0.127731  0.606723  0.082353  0.183193
 0.131092  0.680672  0.055462  0.132773
 0.240336  0.042017  0.346218  0.371429
 0.038655  0.749580  0.065546  0.146218
 0.001681  0.994958  0.000000  0.003361
 0.858824  0.000000  0.122689  0.018487
 0.000000  1.000000  0.000000  0.000000
 0.000000  1.000000  0.000000  0.000000
 0.045378  0.000000  0.954622  0.000000
 0.275630  0.515966  0.015126  0.193277
 0.000000  0.993277  0.000000  0.006723
 0.589916  0.003361  0.230252  0.176471
URL http://jaspar.genereg.net/matrix/MA1222.1

MOTIF MA1225.1 ERF5
letter-probability matrix: alength= 4 w= 15 nsites= 580 E= 0
 0.101724  0.636207  0.065517  0.196552
 0.151724  0.663793  0.024138  0.160345
 0.368966  0.072414  0.310345  0.248276
 0.055172  0.620690  0.124138  0.200000
 0.100000  0.851724  0.008621  0.039655
 0.139655  0.000000  0.637931  0.222414
 0.005172  0.912069  0.055172  0.027586
 0.027586  0.972414  0.000000  0.000000
 0.117241  0.000000  0.867241  0.015517
 0.006897  0.925862  0.034483  0.032759
 0.006897  0.993103  0.000000  0.000000
 0.125862  0.000000  0.801724  0.072414
 0.005172  0.720690  0.029310  0.244828
 0.094828  0.731034  0.050000  0.124138
 0.410345  0.029310  0.377586  0.182759
URL http://jaspar.genereg.net/matrix/MA1225.1

MOTIF MA1235.1 AIL7
letter-probability matrix: alength= 4 w= 11 nsites= 539 E= 0
 0.020408  0.955473  0.001855  0.022263
 0.211503  0.031540  0.705009  0.051948
 0.337662  0.191095  0.293135  0.178108
 0.421150  0.085343  0.055659  0.437848
 0.159555  0.074212  0.020408  0.745826
 0.172542  0.461967  0.003711  0.361781
 0.061224  0.571429  0.000000  0.367347
 0.000000  1.000000  0.000000  0.000000
 0.246753  0.033395  0.654917  0.064935
 0.959184  0.000000  0.000000  0.040816
 0.059369  0.011132  0.747681  0.181818
URL http://jaspar.genereg.net/matrix/MA1235.1

MOTIF MA1274.1 DOF3.6
letter-probability matrix: alength= 4 w= 21 nsites= 600 E= 0
 0.095000  0.171667  0.151667  0.581667
 0.100000  0.171667  0.003333  0.725000
 0.218333  0.153333  0.070000  0.558333
 0.488333  0.111667  0.120000  0.280000
 0.001667  0.925000  0.003333  0.070000
 0.001667  0.038333  0.000000  0.960000
 0.000000  0.020000  0.000000  0.980000
 0.001667  0.001667  0.000000  0.996667
 0.143333  0.035000  0.003333  0.818333
 0.120000  0.168333  0.058333  0.653333
 0.228333  0.258333  0.141667  0.371667
 0.245000  0.250000  0.053333  0.451667
 0.105000  0.270000  0.088333  0.536667
 0.103333  0.163333  0.058333  0.675000
 0.103333  0.143333  0.006667  0.746667
 0.105000  0.208333  0.001667  0.685000
 0.163333  0.098333  0.086667  0.651667
 0.131667  0.206667  0.101667  0.560000
 0.106667  0.183333  0.110000  0.600000
 0.191667  0.173333  0.073333  0.561667
 0.203333  0.140000  0.100000  0.556667
URL http://jaspar.genereg.net/matrix/MA1274.1

MOTIF MA1309.1 WRKY3
letter-probability matrix: alength= 4 w= 11 nsites= 598 E= 0
 0.543478  0.220736  0.105351  0.130435
 0.675585  0.125418  0.056856  0.142140
 0.645485  0.103679  0.043478  0.207358
 0.780936  0.000000  0.219064  0.000000
 0.000000  0.000000  1.000000  0.000000
 0.000000  0.000000  0.000000  1.000000
 0.000000  0.998328  0.000000  0.001672
 1.000000  0.000000  0.000000  0.000000
 1.000000  0.000000  0.000000  0.000000
 0.301003  0.665552  0.001672  0.031773
 0.177258  0.115385  0.580268  0.127090
URL http://jaspar.genereg.net/matrix/MA1309.1

MOTIF MA1324.1 GATA20
letter-probability matrix: alength= 4 w= 8 nsites= 76 E= 0
 0.921053  0.000000  0.013158  0.065789
 0.000000  0.105263  0.000000  0.894737
 0.026316  0.921053  0.000000  0.052632
 0.171053  0.328947  0.500000  0.000000
 0.000000  0.000000  1.000000  0.000000
 1.000000  0.000000  0.000000  0.000000
 0.000000  0.000000  0.000000  1.000000
 0.026316  0.960526  0.000000  0.013158
URL http://jaspar.genereg.net/matrix/MA1324.1

MOTIF MA1328.1 ZHD9
letter-probability matrix: alength= 4 w= 15 nsites= 600 E= 0
 0.401667  0.018333  0.018333  0.561667
 0.253333  0.075000  0.028333  0.643333
 0.376667  0.086667  0.006667  0.530000
 0.553333  0.153333  0.110000  0.183333
 0.368333  0.126667  0.170000  0.335000
 0.230000  0.228333  0.091667  0.450000
 0.290000  0.303333  0.155000  0.251667
 0.403333  0.291667  0.211667  0.093333
 0.025000  0.375000  0.031667  0.568333
 0.006667  0.001667  0.000000  0.991667
 1.000000  0.000000  0.000000  0.000000
 0.998333  0.000000  0.001667  0.000000
 0.006667  0.015000  0.000000  0.978333
 0.000000  0.370000  0.010000  0.620000
 0.898333  0.021667  0.053333  0.026667
URL http://jaspar.genereg.net/matrix/MA1328.1

MOTIF MA1335.1 TGA4
letter-probability matrix: alength= 4 w= 11 nsites= 600 E= 0
 0.073333  0.205000  0.000000  0.721667
 0.036667  0.195000  0.663333  0.105000
 0.943333  0.005000  0.008333  0.043333
 0.000000  0.968333  0.000000  0.031667
 0.118333  0.003333  0.878333  0.000000
 0.000000  0.003333  0.000000  0.996667
 0.070000  0.930000  0.000000  0.000000
 0.998333  0.001667  0.000000  0.000000
 0.000000  0.148333  0.325000  0.526667
 0.030000  0.833333  0.061667  0.075000
 0.570000  0.103333  0.185000  0.141667
URL http://jaspar.genereg.net/matrix/MA1335.1

MOTIF MA1339.1 BZIP43
letter-probability matrix: alength= 4 w= 12 nsites= 28 E= 0
 0.000000  0.000000  0.678571  0.321429
 0.107143  0.892857  0.000000  0.000000
 0.000000  1.000000  0.000000  0.000000
 1.000000  0.000000  0.000000  0.000000
 0.000000  0.964286  0.000000  0.035714
 0.000000  0.000000  1.000000  0.000000
 0.000000  0.000000  0.000000  1.000000
 0.000000  0.964286  0.035714  0.000000
 0.964286  0.000000  0.000000  0.035714
 0.000000  0.000000  0.857143  0.142857
 0.107143  0.892857  0.000000  0.000000
 0.642857  0.107143  0.035714  0.214286
URL http://jaspar.genereg.net/matrix/MA1339.1

MOTIF MA1348.1 TGA9
letter-probability matrix: alength= 4 w= 11 nsites= 592 E= 0
 0.086149  0.086149  0.812500  0.015203
 0.537162  0.334459  0.128378  0.000000
 0.013514  0.000000  0.001689  0.984797
 0.000000  0.000000  0.888514  0.111486
 0.998311  0.000000  0.001689  0.000000
 0.000000  0.925676  0.000000  0.074324
 0.018581  0.000000  0.981419  0.000000
 0.001689  0.000000  0.000000  0.998311
 0.027027  0.932432  0.040541  0.000000
 0.957770  0.000000  0.042230  0.000000
 0.021959  0.403716  0.128378  0.445946
URL http://jaspar.genereg.net/matrix/MA1348.1

MOTIF MA1350.1 BZIP42
letter-probability matrix: alength= 4 w= 12 nsites= 67 E= 0
 0.194030  0.044776  0.000000  0.761194
 0.014925  0.000000  0.955224  0.029851
 0.134328  0.820896  0.044776  0.000000
 0.000000  0.000000  0.000000  1.000000
 0.000000  0.000000  0.970149  0.029851
 1.000000  0.000000  0.000000  0.000000
 0.000000  1.000000  0.000000  0.000000
 0.014925  0.000000  0.985075  0.000000
 0.014925  0.000000  0.000000  0.985075
 0.000000  0.000000  1.000000  0.000000
 0.000000  0.000000  0.865672  0.134328
 0.268657  0.731343  0.000000  0.000000
URL http://jaspar.genereg.net/matrix/MA1350.1

MOTIF MA1352.1 TRP1
letter-probability matrix: alength= 4 w= 21 nsites= 307 E= 0
 0.824104  0.013029  0.026059  0.136808
 0.061889  0.814332  0.035831  0.087948
 0.055375  0.856678  0.045603  0.042345
 0.097720  0.710098  0.035831  0.156352
 0.094463  0.000000  0.009772  0.895765
 0.983713  0.000000  0.006515  0.009772
 0.990228  0.000000  0.003257  0.006515
 1.000000  0.000000  0.000000  0.000000
 0.013029  0.983713  0.000000  0.003257
 0.042345  0.944625  0.000000  0.013029
 0.003257  0.964169  0.019544  0.013029
 0.009772  0.006515  0.006515  0.977199
 0.964169  0.006515  0.006515  0.022801
 0.960912  0.029316  0.006515  0.003257
 0.996743  0.000000  0.000000  0.003257
 0.009772  0.938111  0.003257  0.048860
 0.019544  0.951140  0.013029  0.016287
 0.078176  0.885993  0.000000  0.035831
 0.042345  0.026059  0.003257  0.928339
 0.944625  0.013029  0.019544  0.022801
 0.856678  0.026059  0.091205  0.026059
URL http://jaspar.genereg.net/matrix/MA1352.1

MOTIF MA1354.1 AT4G12670
letter-probability matrix: alength= 4 w= 29 nsites= 42 E= 0
 0.000000  0.833333  0.000000  0.166667
 0.071429  0.071429  0.000000  0.857143
 0.976190  0.000000  0.000000  0.023810
 0.976190  0.000000  0.000000  0.023810
 0.928571  0.023810  0.023810  0.023810
 0.000000  1.000000  0.000000  0.000000
 0.095238  0.833333  0.023810  0.047619
 0.000000  0.976190  0.000000  0.023810
 0.023810  0.000000  0.023810  0.952381
 0.904762  0.000000  0.023810  0.071429
 0.952381  0.000000  0.047619  0.000000
 0.928571  0.000000  0.071429  0.000000
 0.023810  0.857143  0.000000  0.119048
 0.000000  0.928571  0.047619  0.023810
 0.142857  0.761905  0.023810  0.071429
 0.023810  0.023810  0.000000  0.952381
 1.000000  0.000000  0.000000  0.000000
 0.809524  0.047619  0.023810  0.119048
 0.857143  0.023810  0.047619  0.071429
 0.047619  0.833333  0.047619  0.071429
 0.166667  0.666667  0.000000  0.166667
 0.000000  0.928571  0.000000  0.071429
 0.190476  0.000000  0.000000  0.809524
 0.904762  0.071429  0.000000  0.023810
 0.952381  0.000000  0.000000  0.047619
 0.952381  0.000000  0.023810  0.023810
 0.119048  0.833333  0.000000  0.047619
 0.000000  0.928571  0.023810  0.047619
 0.000000  0.761905  0.095238  0.142857
URL http://jaspar.genereg.net/matrix/MA1354.1

MOTIF MA1356.1 TRP2
letter-probability matrix: alength= 4 w= 21 nsites= 425 E= 0
 0.788235  0.080000  0.049412  0.082353
 0.745882  0.056471  0.042353  0.155294
 0.103529  0.712941  0.051765  0.131765
 0.054118  0.809412  0.065882  0.070588
 0.110588  0.640000  0.035294  0.214118
 0.169412  0.000000  0.009412  0.821176
 0.995294  0.000000  0.002353  0.002353
 0.985882  0.002353  0.004706  0.007059
 0.992941  0.004706  0.000000  0.002353
 0.016471  0.978824  0.000000  0.004706
 0.014118  0.974118  0.004706  0.007059
 0.000000  0.978824  0.000000  0.021176
